0 0 0 0 0 0 0 0 0 0 0 0 0 0 0 0 0 0 0 0 0 0 0 0 0 0 0 0 0 0 
0 0 0 0 0 0 0 0 0 0 0 0 0 0 0 0 0 0 0 0 0 0 0 0 0 0 0 0 0 0 
0 1 1 1 1 1 1 1 1 1 1 1 1 1 1 1 1 1 0 0 1 1 1 1 1 1 1 1 1 0 
0 1 0 0 1 0 0 0 0 0 1 0 0 0 1 0 0 1 0 0 0 0 1 0 0 0 0 0 1 0 
0 1 0 0 1 0 0 0 0 0 1 0 0 0 1 0 0 1 1 1 0 0 1 0 0 0 0 0 2 0 
0 1 0 0 2 0 0 1 1 1 1 0 0 0 1 0 0 0 0 0 0 0 1 1 1 1 0 0 1 0 
0 1 0 0 1 0 0 1 0 0 1 0 0 0 1 0 0 0 0 0 0 0 1 0 0 1 0 0 1 0 
0 1 2 1 1 1 1 1 0 0 1 1 1 1 1 1 1 1 1 1 1 1 1 0 0 1 0 0 1 0 
0 1 0 0 0 0 0 1 0 0 1 0 0 0 0 0 0 0 0 1 0 0 0 0 0 1 0 0 1 0 
0 1 0 0 0 0 0 1 0 0 3 0 0 0 0 0 0 0 0 1 0 0 0 0 0 1 0 0 1 0 
0 1 1 1 1 0 0 1 1 1 1 1 1 1 1 1 1 1 1 1 0 0 1 1 1 1 1 1 1 0 
0 0 0 0 1 0 0 1 0 0 1 0 0 0 0 1 1 0 0 1 0 0 1 0 0 0 0 0 1 0 
0 0 0 0 1 0 0 1 0 0 1 0 0 0 0 1 1 0 0 1 0 0 1 0 0 0 0 0 1 0 
0 1 1 1 1 1 1 2 0 0 1 0 0 0 0 1 1 0 0 1 1 1 1 1 1 1 0 0 1 0 
0 1 0 0 0 0 0 0 0 0 1 0 0 0 0 1 2 0 0 0 0 0 1 0 0 1 0 0 1 0 
0 1 0 0 0 0 0 0 0 0 1 0 0 0 0 1 1 0 0 0 0 0 1 0 0 1 0 0 1 0 
0 1 1 1 1 1 1 1 0 0 1 0 0 0 0 1 1 0 0 1 1 1 1 2 1 1 0 0 1 0 
0 0 0 0 1 0 0 1 0 0 1 0 0 0 0 1 1 0 0 1 0 0 1 0 0 0 0 0 1 0 
0 0 0 0 1 0 0 1 0 0 1 0 0 0 0 1 1 0 0 1 0 0 1 0 0 0 0 0 1 0 
0 1 1 1 1 0 0 1 1 1 1 1 1 1 1 1 1 1 1 1 0 0 1 1 1 1 1 1 1 0 
0 1 0 0 0 0 0 1 0 0 1 0 0 0 0 0 0 0 0 1 0 0 0 0 0 1 0 0 1 0 
0 1 0 0 0 0 0 1 0 0 1 0 0 0 0 0 0 0 0 1 0 0 0 0 0 1 0 0 1 0 
0 1 1 1 1 1 1 1 0 0 1 1 1 1 1 1 1 1 1 1 1 1 1 0 0 1 0 0 1 0 
0 1 0 0 1 0 0 1 0 0 1 0 0 0 1 0 0 0 0 0 0 0 1 0 0 1 0 0 1 0 
0 1 0 0 1 0 0 1 1 1 1 0 0 0 1 0 0 0 0 0 0 0 1 1 1 1 0 0 1 0 
0 1 0 0 1 0 0 0 0 0 1 0 0 0 1 0 0 1 1 1 0 0 1 0 0 0 0 0 1 0 
0 1 0 0 1 0 0 0 0 0 1 0 0 0 1 0 0 1 0 0 0 0 1 0 0 0 0 0 1 0 
0 1 1 1 1 1 1 1 1 1 1 1 1 1 1 1 1 1 0 0 1 1 1 1 1 1 1 1 1 0 
0 0 0 0 0 0 0 0 0 0 0 0 0 0 0 0 0 0 0 0 0 0 0 0 0 0 0 0 0 0 
0 0 0 0 0 0 0 0 0 0 0 0 0 0 0 0 0 0 0 0 0 0 0 0 0 0 0 0 0 0 
1 1 1 1 1 1 1 1 1 1 1 1 1 1 1 1 1 1 1 1 1 1 1 1 1 1 1 1 1 1 
1 1 1 1 1 1 1 1 1 1 1 1 1 1 1 1 1 1 1 1 1 1 1 1 1 1 1 1 1 1 
1 4 4 4 1 1 1 1 1 1 1 1 4 4 4 4 4 4 1 1 4 4 4 4 4 4 4 4 1 1 
1 4 1 1 1 1 1 1 1 1 1 1 1 1 4 1 1 4 1 1 1 1 1 1 1 1 1 1 4 1 
1 4 1 1 1 1 1 1 1 1 1 1 1 1 4 1 1 4 4 1 1 1 1 1 1 1 1 1 1 1 
1 4 1 1 1 1 1 4 4 4 1 1 1 1 4 1 1 1 1 1 1 1 4 4 4 4 1 1 4 1 
1 4 1 1 1 1 1 4 1 1 1 1 1 1 4 1 1 1 1 1 1 1 4 1 1 4 1 1 4 1 
1 4 4 5 1 4 4 4 1 1 1 4 1 1 4 4 4 4 4 4 4 4 1 1 1 4 1 1 4 1 
1 4 1 1 1 1 1 1 1 1 1 1 1 1 1 1 1 1 1 4 1 1 1 1 1 4 1 1 4 1 
1 4 1 1 1 1 1 4 1 1 1 1 1 1 1 1 1 1 1 4 1 1 1 1 1 4 1 1 4 1 
1 4 4 4 4 1 1 4 4 4 1 4 4 4 4 4 4 1 4 4 1 1 4 4 4 1 4 4 4 1 
1 1 1 1 4 1 1 4 1 1 1 1 1 1 1 4 4 1 1 4 1 1 4 1 1 1 1 1 4 1 
1 1 1 1 4 1 1 4 1 1 1 1 1 1 1 4 1 1 1 4 1 1 1 1 1 1 1 1 4 1 
1 4 4 4 4 4 4 4 1 1 1 1 1 1 1 4 4 1 1 4 4 4 4 4 4 4 1 1 4 1 
1 4 1 1 1 1 1 1 1 1 1 1 1 1 1 4 4 1 1 1 1 1 4 1 1 4 1 1 4 1 
1 4 1 1 1 1 1 1 1 1 1 1 1 1 1 4 4 1 1 1 1 1 4 1 1 4 1 1 4 1 
1 4 4 1 1 1 1 1 1 1 1 1 1 1 1 4 4 1 1 4 1 1 1 1 4 4 1 1 4 1 
1 1 1 1 4 1 1 1 1 1 1 1 1 1 1 4 4 1 1 1 1 1 1 1 1 1 1 1 4 1 
1 1 1 1 4 1 1 1 1 1 1 1 1 1 1 4 4 1 1 4 1 1 1 1 1 1 1 1 4 1 
1 4 1 4 4 1 1 1 1 1 1 1 1 1 1 1 1 1 1 1 1 1 1 1 1 1 1 4 4 1 
1 4 1 1 1 1 1 4 1 1 1 1 1 1 1 1 1 1 1 1 1 1 1 1 1 1 1 1 4 1 
1 4 1 1 1 1 1 4 1 1 1 1 1 1 1 1 1 1 1 1 1 1 1 1 1 1 1 1 4 1 
1 4 4 4 4 4 4 4 1 1 1 4 4 4 4 4 4 4 4 1 1 1 1 1 1 1 1 1 4 1 
1 1 1 1 4 1 1 4 1 1 1 1 1 1 4 1 1 1 1 1 1 1 1 1 1 1 1 1 4 1 
1 4 1 1 4 1 1 4 4 4 1 1 1 1 4 1 1 1 1 1 1 1 1 1 1 1 1 1 4 1 
1 4 1 1 4 1 1 1 1 1 1 1 1 1 4 1 1 4 4 4 1 1 4 1 1 1 1 1 4 1 
1 4 1 1 4 1 1 1 1 1 1 1 1 1 4 1 1 4 1 1 1 1 4 1 1 1 1 1 4 1 
1 4 4 4 4 4 4 4 4 4 1 4 4 4 4 4 4 4 1 1 4 4 4 4 4 4 4 4 4 1 
1 1 1 1 1 1 1 1 1 1 1 1 1 1 1 1 1 1 1 1 1 1 1 1 1 1 1 1 1 1 
1 1 1 1 1 1 1 1 1 1 1 1 1 1 1 1 1 1 1 1 1 1 1 1 1 1 1 1 1 1 
15 16 false false 1
7 2 false false 1
3 28 false false 1
5 4 false false 1
13 7 false false 1
16 24 false false 1
9 10 false false 1 48 10 270
